0 -24.3 -38.8
3 -27.3 -43.1
6 -19.0 -20.6
9 -17.0 -18.2
12 -17.1 -18.6
15 -22.0 -26.8
18 -15.4 -17.8
21 -15.6 -19.3
24 -19.5 -31.8
27 -19.6 -28.1
30 -21.1 -32.2
33 -18.8 -25.4
36 -19.4 -32.0
39 -15.4 -28.5
42 -15.2 -22.0
45 -14.4 -18.3
48 -13.5 -16.8
51 -17.8 -26.7
54 -15.9 -22.4
57 -16.6 -23.1
60 -19.1 -27.5
63 -14.6 -18.9
66 -14.9 -18.4
69 -14.1 -17.4
72 -14.3 -17.8
75 -14.1 -20.3
78 -15.1 -24.9
81 -16.9 -26.7
84 -17.8 -25.7
87 -12.5 -16.5
90 -15.1 -20.1
93 -16.5 -24.2
96 -16.1 -26.8
99 -17.6 -29.5
102 -15.9 -25.2
105 -13.5 -16.2
108 -13.8 -18.6
111 -13.5 -18.6
114 -17.9 -30.1
117 -16.7 -23.2
120 -14.7 -19.8
123 -16.0 -19.4
126 -16.3 -18.3
129 -16.7 -24.1
132 -16.0 -21.6
135 -15.0 -19.0
138 -15.6 -22.0
141 -14.1 -18.5
144 -14.1 -22.8
147 -13.8 -17.4
150 -15.6 -23.5
153 -21.0 -35.6
156 -20.0 -33.5
159 -13.5 -26.1
162 -14.5 -22.6
165 -13.1 -16.5
168 -13.0 -17.1
171 -13.3 -18.2
174 -13.9 -19.5
177 -14.0 -18.4
180 -13.5 -19.7
183 -14.4 -23.5
186 -11.3 -16.2
189 -12.6 -19.6
192 -12.7 -18.8
195 -12.5 -26.1
198 -12.5 -20.8
201 -12.3 -19.2
204 -10.8 -13.5
207 -11.7 -16.1
210 -12.1 -17.0
213 -11.6 -24.5
216 -12.9 -18.7
219 -11.8 -22.9
222 -11.3 -21.4
225 -12.9 -27.7
228 -17.2 -23.4
231 -17.5 -21.9
234 -15.0 -20.5
237 -16.3 -28.5
240 -17.3 -31.7
243 -15.3 -26.0
246 -14.3 -18.2
249 -15.6 -19.7
252 -14.4 -21.4
255 -15.2 -20.5
258 -13.2 -18.8
261 -15.2 -25.1
264 -16.1 -29.7
267 -13.9 -23.7
270 -13.4 -22.3
273 -14.7 -23.2
276 -12.4 -15.1
279 -13.3 -18.1
282 -14.2 -25.6
285 -12.8 -20.3
288 -12.1 -18.9
291 -12.2 -18.5
294 -14.1 -24.7
297 -12.6 -24.0
300 -12.9 -22.6
303 -14.7 -25.1
