0 -42.8
1 -41.3
2 -43.9
3 -44.4
4 -46.3
5 -65.2
6 -70.0
7 -30.4
8 -17.4
9 -21.8
10 -30.6
11 -15.8
12 -16.2
13 -21.7
14 -31.0
15 -32.6
16 -60.0
17 -23.7
18 -18.3
19 -17.2
20 -32.6
21 -21.8
22 -20.8
23 -21.2
24 -34.2
25 -35.1
26 -34.2
27 -39.1
28 -42.5
29 -25.1
30 -31.8
31 -34.4
32 -47.4
33 -22.9
34 -33.6
35 -37.0
36 -39.2
37 -34.9
38 -32.5
39 -32.8
40 -30.6
41 -33.4
42 -33.1
43 -23.8
44 -23.8
45 -36.5
46 -20.8
47 -17.5
48 -18.9
49 -17.1
50 -21.7
51 -28.2
52 -28.1
53 -28.7
54 -26.3
55 -24.2
56 -25.0
57 -39.3
58 -20.7
59 -31.8
60 -28.8
61 -31.4
62 -30.2
63 -28.4
64 -20.2
65 -17.6
66 -21.7
67 -21.2
68 -18.1
69 -19.1
70 -19.7
71 -19.3
72 -18.1
73 -18.1
74 -21.2
75 -23.0
76 -25.6
77 -21.4
78 -32.7
79 -27.1
80 -27.2
81 -27.2
82 -32.9
83 -30.7
84 -23.8
85 -33.9
86 -38.6
87 -24.0
88 -18.3
89 -17.9
90 -22.8
91 -25.0
92 -22.0
93 -28.0
94 -29.7
95 -26.4
96 -26.0
97 -38.0
98 -32.9
99 -32.0
100 -32.1
101 -29.7
102 -32.2
103 -28.2
104 -23.7
105 -19.1
106 -16.0
107 -18.3
108 -18.8
109 -21.2
110 -24.7
111 -23.1
112 -20.4
113 -21.0
114 -31.4
115 -40.1
116 -31.2
117 -26.4
118 -23.4
119 -29.4
120 -22.1
121 -24.7
122 -19.6
123 -24.6
124 -20.0
125 -18.7
126 -18.8
127 -18.8
128 -21.9
129 -23.7
130 -24.6
131 -31.2
132 -30.1
133 -25.3
134 -19.6
135 -19.2
136 -19.0
137 -26.1
138 -25.0
139 -23.9
140 -23.5
141 -17.1
142 -23.0
143 -23.3
144 -26.7
145 -26.1
146 -23.2
147 -23.1
148 -18.0
149 -17.6
150 -21.1
151 -31.3
152 -31.9
153 -41.3
154 -39.4
155 -37.5
156 -34.5
157 -36.6
158 -40.5
159 -34.9
160 -26.2
161 -28.1
162 -33.5
163 -23.4
164 -21.2
165 -16.3
166 -17.7
167 -26.0
168 -23.1
169 -16.5
170 -18.4
171 -25.9
172 -20.6
173 -16.4
174 -20.3
175 -20.3
176 -22.0
177 -18.5
178 -18.9
179 -26.7
180 -24.3
181 -20.6
182 -21.3
183 -26.0
184 -25.1
185 -26.3
186 -20.4
187 -17.8
188 -18.7
189 -21.1
190 -23.7
191 -23.0
192 -22.3
193 -18.0
194 -25.9
195 -28.1
196 -29.1
197 -27.5
198 -23.4
199 -21.3
200 -26.2
201 -28.7
202 -22.0
203 -18.8
204 -15.5
205 -12.7
206 -17.5
207 -20.8
208 -18.1
209 -16.9
210 -17.3
211 -18.8
212 -23.4
213 -26.4
214 -24.9
215 -26.0
216 -23.6
217 -21.6
218 -18.1
219 -23.1
220 -25.6
221 -27.4
222 -25.6
223 -22.2
224 -24.6
225 -27.1
226 -28.4
227 -47.0
228 -62.2
229 -25.9
230 -21.9
231 -22.2
232 -25.0
233 -26.9
234 -22.1
235 -19.8
236 -25.6
237 -30.7
238 -30.9
239 -33.6
240 -38.7
241 -35.3
242 -31.1
243 -29.6
244 -25.6
245 -31.7
246 -27.0
247 -20.7
248 -16.7
249 -20.3
250 -26.1
251 -18.7
252 -21.3
253 -23.6
254 -30.5
255 -24.8
256 -21.7
257 -20.4
258 -20.6
259 -20.1
260 -22.9
261 -24.5
262 -27.4
263 -32.4
264 -36.0
265 -33.5
266 -28.1
267 -26.1
268 -24.4
269 -26.9
270 -23.7
271 -24.4
272 -23.2
273 -25.5
274 -26.2
275 -22.9
276 -19.0
277 -17.1
278 -14.1
279 -17.1
280 -21.5
281 -23.7
282 -28.5
283 -29.9
284 -26.4
285 -24.4
286 -22.6
287 -20.7
288 -21.8
289 -20.0
290 -21.1
291 -21.5
292 -20.1
293 -20.6
294 -23.5
295 -31.9
296 -31.1
297 -25.4
298 -25.3
299 -24.8
300 -25.5
301 -23.9
302 -23.3
303 -25.0
304 -25.6
305 -38.5
306 -55.6
